NVEncC, H.264 quality, 16, 17421.82, 35.070563, 0.988452, 0.0, 98.235853, 88.627791, 0.539889, 194.81
NVEncC, H.264 quality, 20, 10587.02, 35.024687, 0.987528, 0.0, 97.759125, 85.25346, 0.696442, 202.75
NVEncC, H.264 quality, 24, 6361.71, 34.948502, 0.986257, 0.0, 96.86384, 80.455669, 0.889772, 206.51
NVEncC, H.264 quality, 28, 3838.23, 34.814241, 0.98433, 0.0, 95.31802, 73.272096, 1.254056, 211.23
NVEncC, H.264 quality, 32, 2229.92, 34.62855, 0.981312, 0.0, 92.448785, 63.673186, 1.664482, 216.48
NVEncC, H.264 quality, 36, 1299.84, 34.341349, 0.976889, 0.0, 87.607146, 51.438997, 2.296186, 219.76
NVEncC, H.264 quality, 40, 798.04, 33.881817, 0.969691, 0.0, 80.492954, 35.242889, 3.124153, 222.83
NVEncC, H.264 normal, 16, 16673.51, 35.07505, 0.988523, 0.0, 98.238789, 88.889072, 0.519854, 337.04
NVEncC, H.264 normal, 20, 10145.26, 35.029693, 0.987573, 0.0, 97.768806, 85.606477, 0.667818, 338.74
NVEncC, H.264 normal, 24, 6128.59, 34.952363, 0.986273, 0.0, 96.895213, 80.590185, 0.874541, 339.43
NVEncC, H.264 normal, 28, 3667.96, 34.827944, 0.984309, 0.0, 95.341648, 73.297563, 1.228539, 340.70
NVEncC, H.264 normal, 32, 2095.23, 34.642013, 0.98121, 0.0, 92.395219, 63.294935, 1.643232, 340.72
NVEncC, H.264 normal, 36, 1237.41, 34.355759, 0.976705, 0.0, 87.650784, 51.355178, 2.226229, 339.81
NVEncC, H.264 normal, 40, 767.42, 33.857793, 0.969212, 0.0, 80.62456, 34.968624, 3.037393, 341.80
NVEncC, HEVC quality, 16, 19732.01, 35.083092, 0.988624, 0.0, 98.220838, 89.690776, 0.518777, 97.77
NVEncC, HEVC quality, 20, 12293.71, 35.046087, 0.98761, 0.0, 97.780485, 85.878145, 0.682457, 116.44
NVEncC, HEVC quality, 24, 7324.21, 34.981179, 0.986036, 0.0, 97.053877, 80.879271, 0.896515, 140.25
NVEncC, HEVC quality, 28, 4378.18, 34.881296, 0.983963, 0.0, 95.844676, 74.558453, 1.143419, 160.56
NVEncC, HEVC quality, 32, 2524.87, 34.741705, 0.981214, 0.0, 93.780971, 67.128165, 1.415433, 180.62
NVEncC, HEVC quality, 36, 1444.34, 34.511895, 0.977351, 0.0, 90.560817, 58.769208, 1.762055, 198.28
NVEncC, HEVC quality, 40, 825.01, 34.186246, 0.971453, 0.0, 85.832183, 45.768142, 2.251552, 212.72
NVEncC, HEVC normal, 16, 19732.72, 35.082163, 0.988593, 0.0, 98.215558, 89.60774, 0.521909, 369.17
NVEncC, HEVC normal, 20, 12147.30, 35.04284, 0.987532, 0.0, 97.764806, 85.733095, 0.688937, 400.53
NVEncC, HEVC normal, 24, 7270.04, 34.977132, 0.985955, 0.0, 97.037048, 80.768129, 0.900776, 424.88
NVEncC, HEVC normal, 28, 4358.32, 34.875592, 0.983836, 0.0, 95.824347, 74.490491, 1.145572, 436.58
NVEncC, HEVC normal, 32, 2519.31, 34.730443, 0.980999, 0.0, 93.756921, 67.044352, 1.418293, 441.83
NVEncC, HEVC normal, 36, 1455.83, 34.498165, 0.97707, 0.0, 90.537972, 58.808877, 1.764362, 437.50
NVEncC, HEVC normal, 40, 831.99, 34.164241, 0.971099, 0.0, 85.718574, 46.015465, 2.248215, 438.17
NVEncC, HEVC 10bit quality, 16, 18757.25, 34.64919, 0.988902, 0.0, 98.284014, 90.258094, 0.495003, 87.60
NVEncC, HEVC 10bit quality, 20, 11671.79, 34.606592, 0.987786, 0.0, 97.832604, 86.307034, 0.651619, 130.67
NVEncC, HEVC 10bit quality, 24, 6938.76, 34.539718, 0.986214, 0.0, 96.96396, 80.782985, 0.847403, 150.31
NVEncC, HEVC 10bit quality, 28, 4073.93, 34.429285, 0.983925, 0.0, 95.441898, 73.714629, 1.103473, 163.61
NVEncC, HEVC 10bit quality, 32, 2272.74, 34.271596, 0.98081, 0.0, 92.778964, 64.708241, 1.428255, 174.26
NVEncC, HEVC 10bit quality, 36, 1292.14, 34.048607, 0.976565, 0.0, 88.713833, 54.175549, 1.802762, 180.23
NVEncC, HEVC 10bit quality, 40, 746.29, 33.722618, 0.970294, 0.0, 82.946823, 39.827598, 2.364579, 183.16
NVEncC, HEVC 10bit normal, 16, 18776.33, 34.64729, 0.988864, 0.0, 98.287443, 90.193827, 0.497862, 214.42
NVEncC, HEVC 10bit normal, 20, 11630.08, 34.602789, 0.987718, 0.0, 97.830731, 86.202666, 0.655251, 214.88
NVEncC, HEVC 10bit normal, 24, 6912.75, 34.535177, 0.986124, 0.0, 96.940547, 80.674117, 0.850702, 215.26
NVEncC, HEVC 10bit normal, 28, 4071.40, 34.422057, 0.983795, 0.0, 95.42345, 73.655037, 1.105343, 215.49
NVEncC, HEVC 10bit normal, 32, 2275.38, 34.260147, 0.980616, 0.0, 92.761094, 64.688984, 1.428774, 216.31
NVEncC, HEVC 10bit normal, 36, 1306.08, 34.036161, 0.97633, 0.0, 88.734392, 54.272423, 1.800262, 216.20
NVEncC, HEVC 10bit normal, 40, 756.07, 33.703381, 0.969981, 0.0, 82.888318, 40.026072, 2.366352, 215.26
NVEncC, VBR H.264 quality, 400, 313.76, 31.077081, 0.930353, 0.0, 52.999335, -22.41621, 7.244265, 231.69
NVEncC, VBR H.264 quality, 800, 854.15, 33.673532, 0.96881, 0.0, 81.640356, 37.43914, 2.970693, 223.26
NVEncC, VBR H.264 quality, 1200, 1104.60, 34.01952, 0.973483, 0.0, 85.600644, 46.407833, 2.482655, 221.28
NVEncC, VBR H.264 quality, 2000, 2113.57, 34.504172, 0.980287, 0.0, 91.81482, 63.422044, 1.674055, 216.51
NVEncC, VBR H.264 quality, 4000, 4129.96, 34.78731, 0.984234, 0.0, 95.413808, 74.81646, 1.143104, 211.09
NVEncC, VBR H.264 quality, 7000, 7118.83, 34.92514, 0.986263, 0.0, 97.041649, 81.395332, 0.851371, 206.44
NVEncC, VBR H.264 normal, 400, 313.81, 31.489956, 0.937561, 0.0, 56.820049, -17.104261, 6.851348, 346.88
NVEncC, VBR H.264 normal, 800, 851.62, 33.821783, 0.970381, 0.0, 82.730538, 40.077084, 2.709432, 340.16
NVEncC, VBR H.264 normal, 1200, 1112.29, 34.104713, 0.974469, 0.0, 86.398613, 48.878999, 2.302547, 340.19
NVEncC, VBR H.264 normal, 2000, 2117.35, 34.558222, 0.980839, 0.0, 92.192411, 64.681352, 1.558422, 339.00
NVEncC, VBR H.264 normal, 4000, 4132.34, 34.818196, 0.984592, 0.0, 95.603601, 75.738717, 1.080205, 341.16
NVEncC, VBR H.264 normal, 7000, 7096.60, 34.944188, 0.986482, 0.0, 97.14772, 82.165647, 0.804097, 340.09
NVEncC, VBR HEVC quality, 400, 366.92, 32.763194, 0.951298, 0.0, 73.054034, 21.523364, 3.381333, 229.27
NVEncC, VBR HEVC quality, 800, 891.52, 34.023398, 0.970225, 0.0, 86.430456, 48.319716, 2.182587, 215.73
NVEncC, VBR HEVC quality, 1200, 1274.85, 34.283839, 0.97439, 0.0, 89.470256, 56.022133, 1.863702, 207.24
NVEncC, VBR HEVC quality, 2000, 2109.09, 34.584826, 0.979097, 0.0, 92.66903, 64.901846, 1.518623, 189.07
NVEncC, VBR HEVC quality, 4000, 4127.97, 34.814534, 0.98309, 0.0, 95.514292, 74.333098, 1.143396, 162.39
NVEncC, VBR HEVC quality, 7000, 7125.02, 34.93938, 0.985448, 0.0, 96.951107, 80.869957, 0.883037, 138.42
NVEncC, VBR HEVC normal, 400, 386.51, 32.920706, 0.953254, 0.0, 73.939785, 23.222903, 3.302951, 433.99
NVEncC, VBR HEVC normal, 800, 899.36, 34.049277, 0.970306, 0.0, 86.363587, 48.342181, 2.182051, 436.12
NVEncC, VBR HEVC normal, 1200, 1276.43, 34.30061, 0.974383, 0.0, 89.458938, 55.946773, 1.867476, 436.24
NVEncC, VBR HEVC normal, 2000, 2111.79, 34.580614, 0.978955, 0.0, 92.625672, 64.720826, 1.525527, 436.24
NVEncC, VBR HEVC normal, 4000, 4139.33, 34.811594, 0.982975, 0.0, 95.50724, 74.174227, 1.149646, 429.81
NVEncC, VBR HEVC normal, 7000, 7135.44, 34.936342, 0.985379, 0.0, 96.934844, 80.727683, 0.889567, 411.69
NVEncC, VBR HEVC 10bit quality, 400, 383.90, 32.448955, 0.950456, 0.0, 70.000825, 15.790234, 3.453616, 82.87
NVEncC, VBR HEVC 10bit quality, 800, 889.02, 33.62403, 0.970096, 0.0, 84.98758, 44.708777, 2.178591, 181.91
NVEncC, VBR HEVC 10bit quality, 1200, 1267.96, 33.880665, 0.974531, 0.0, 88.595214, 53.650789, 1.837167, 180.61
NVEncC, VBR HEVC 10bit quality, 2000, 2102.93, 34.165359, 0.979345, 0.0, 92.287079, 63.702345, 1.455037, 175.05
NVEncC, VBR HEVC 10bit quality, 4000, 4127.56, 34.381825, 0.983426, 0.0, 95.449491, 74.251601, 1.076129, 162.44
NVEncC, VBR HEVC 10bit quality, 7000, 7150.30, 34.50608, 0.985839, 0.0, 97.03844, 81.25506, 0.825599, 145.81
NVEncC, VBR HEVC 10bit normal, 400, 390.48, 32.509696, 0.951066, 0.0, 70.291246, 16.689764, 3.411192, 215.51
NVEncC, VBR HEVC 10bit normal, 800, 897.61, 33.669834, 0.970467, 0.0, 85.007362, 44.855669, 2.167855, 216.70
NVEncC, VBR HEVC 10bit normal, 1200, 1276.13, 33.898932, 0.974623, 0.0, 88.619017, 53.59481, 1.835219, 216.53
NVEncC, VBR HEVC 10bit normal, 2000, 2120.33, 34.164842, 0.979277, 0.0, 92.258044, 63.672883, 1.455109, 216.34
NVEncC, VBR HEVC 10bit normal, 4000, 4137.69, 34.378803, 0.983339, 0.0, 95.432185, 74.154263, 1.080903, 216.75
NVEncC, VBR HEVC 10bit normal, 7000, 7155.60, 34.502845, 0.985773, 0.0, 97.024452, 81.126647, 0.83043, 216.33
