svtav1, 8bit_preset_3, 18, 5973.65, 42.558683, 0.992728, 0.0, 98.717514, 79.052123, 0.95766, 48.589
svtav1, 8bit_preset_3, 24, 4353.76, 42.318831, 0.991834, 0.0, 98.515737, 79.903078, 1.023458, 45.589
svtav1, 8bit_preset_3, 30, 3008.83, 41.91677, 0.990346, 0.0, 98.101233, 61.704032, 1.130334, 43.683
svtav1, 8bit_preset_3, 36, 2043.38, 41.372644, 0.988314, 0.0, 97.284952, 49.552873, 1.279487, 44.190
svtav1, 8bit_preset_3, 42, 1416.82, 40.723645, 0.985806, 0.0, 95.993236, 61.061434, 1.462001, 41.922
svtav1, 8bit_preset_3, 48, 992.29, 39.97634, 0.982693, 0.0, 93.918026, 50.675196, 1.689368, 39.948
svtav1, 8bit_preset_3, 54, 698.30, 39.103194, 0.978702, 0.0, 90.709358, 42.427441, 1.995184, 38.663
svtav1, 8bit_preset_3, 60, 409.08, 37.56126, 0.970757, 0.0, 83.779036, -0.816648, 2.63599, 27.055
svtav1, 10bit_preset_3, 18, 6225.94, 49.560279, 0.995039, 0.0, 98.706668, 82.892994, 0.718361, 42.593
svtav1, 10bit_preset_3, 24, 4461.07, 48.438255, 0.994107, 0.0, 98.462599, 79.480718, 0.843265, 40.611
svtav1, 10bit_preset_3, 30, 3046.95, 46.981297, 0.992626, 0.0, 97.947411, 74.356219, 0.991101, 39.164
svtav1, 10bit_preset_3, 36, 2054.71, 45.416626, 0.990586, 0.0, 97.022274, 70.782894, 1.185966, 39.355
svtav1, 10bit_preset_3, 42, 1411.99, 43.893574, 0.988028, 0.0, 95.543719, 56.81256, 1.436793, 37.704
svtav1, 10bit_preset_3, 48, 984.67, 42.425023, 0.984837, 0.0, 93.252046, 56.493437, 1.705272, 35.907
svtav1, 10bit_preset_3, 54, 689.97, 40.93691, 0.980723, 0.0, 89.818002, 22.905705, 2.082348, 34.883
svtav1, 10bit_preset_3, 60, 398.04, 38.616868, 0.972345, 0.0, 82.458396, -8.226929, 2.876129, 24.964
svtav1, 8bit_preset_5, 18, 6548.53, 42.455646, 0.992232, 0.0, 98.686113, 80.752063, 1.279922, 126.243
svtav1, 8bit_preset_5, 24, 4810.31, 42.186908, 0.991176, 0.0, 98.458571, 68.527762, 1.435089, 129.535
svtav1, 8bit_preset_5, 30, 3303.15, 41.724012, 0.989396, 0.0, 97.947537, 70.068004, 1.663417, 132.843
svtav1, 8bit_preset_5, 36, 2214.69, 41.097953, 0.986938, 0.0, 96.912166, 64.106262, 1.352701, 136.650
svtav1, 8bit_preset_5, 42, 1512.87, 40.379708, 0.984023, 0.0, 95.340464, 17.977107, 1.551963, 138.885
svtav1, 8bit_preset_5, 48, 1035.49, 39.605994, 0.980644, 0.0, 93.017919, 28.00087, 1.795226, 127.325
svtav1, 8bit_preset_5, 54, 719.05, 38.694343, 0.976246, 0.0, 89.534455, 16.641988, 2.121186, 122.815
svtav1, 8bit_preset_5, 60, 415.63, 37.182688, 0.967941, 0.0, 82.206887, 4.737045, 2.813008, 75.529
svtav1, 10bit_preset_5, 18, 6831.82, 49.290284, 0.994743, 0.0, 98.655115, 77.849616, 1.026379, 97.457
svtav1, 10bit_preset_5, 24, 4925.55, 48.098747, 0.993661, 0.0, 98.357838, 79.653751, 1.128858, 98.801
svtav1, 10bit_preset_5, 30, 3341.26, 46.518888, 0.991872, 0.0, 97.718839, 74.628374, 1.437273, 100.243
svtav1, 10bit_preset_5, 36, 2220.45, 44.82149, 0.989383, 0.0, 96.550173, 68.287999, 1.833204, 102.895
svtav1, 10bit_preset_5, 42, 1505.18, 43.249132, 0.986392, 0.0, 94.814166, 56.36542, 1.575772, 103.592
svtav1, 10bit_preset_5, 48, 1023.53, 41.802387, 0.98289, 0.0, 92.264348, 53.931335, 1.829214, 97.848
svtav1, 10bit_preset_5, 54, 707.47, 40.319706, 0.978343, 0.0, 88.500249, 49.881955, 2.240497, 95.690
svtav1, 10bit_preset_5, 60, 403.27, 38.125245, 0.969631, 0.0, 80.772698, 49.80271, 3.162279, 66.096
svtav1, 8bit_preset_7, 18, 8215.46, 42.351104, 0.99179, 0.0, 98.578093, 74.239483, 1.262512, 203.615
svtav1, 8bit_preset_7, 24, 5931.81, 42.054421, 0.99061, 0.0, 98.311176, 69.729127, 1.395695, 205.607
svtav1, 8bit_preset_7, 30, 3947.21, 41.579621, 0.988712, 0.0, 97.711492, 60.041377, 1.639358, 210.097
svtav1, 8bit_preset_7, 36, 2572.38, 40.916974, 0.98602, 0.0, 96.516208, 48.641249, 1.422395, 216.462
svtav1, 8bit_preset_7, 42, 1705.17, 40.132082, 0.982635, 0.0, 94.64312, 55.227855, 1.654367, 224.290
svtav1, 8bit_preset_7, 48, 1131.83, 39.242103, 0.978582, 0.0, 91.796294, 29.786347, 1.931161, 228.445
svtav1, 8bit_preset_7, 54, 751.48, 38.18319, 0.973169, 0.0, 87.461542, 43.010235, 2.32571, 232.435
svtav1, 8bit_preset_7, 60, 418.57, 36.443935, 0.96305, 0.0, 78.428908, 30.386124, 3.126731, 237.181
svtav1, 10bit_preset_7, 18, 8663.62, 49.128178, 0.994617, 0.0, 98.543153, 75.326859, 0.893769, 126.223
svtav1, 10bit_preset_7, 24, 6107.52, 47.849519, 0.993393, 0.0, 98.199346, 70.916985, 1.082058, 126.688
svtav1, 10bit_preset_7, 30, 3988.77, 46.225178, 0.991419, 0.0, 97.472992, 79.910435, 1.383081, 127.666
svtav1, 10bit_preset_7, 36, 2567.32, 44.47532, 0.98861, 0.0, 96.136963, 63.471894, 1.329361, 127.865
svtav1, 10bit_preset_7, 42, 1689.78, 42.814122, 0.985107, 0.0, 94.077229, 58.405857, 1.638047, 128.338
svtav1, 10bit_preset_7, 48, 1107.01, 41.208131, 0.980846, 0.0, 90.94639, 47.855563, 2.037073, 128.679
svtav1, 10bit_preset_7, 54, 732.67, 39.579819, 0.975245, 0.0, 86.340714, -10.761073, 2.549978, 128.829
svtav1, 10bit_preset_7, 60, 402.58, 37.157481, 0.964606, 0.0, 76.799225, -42.827855, 3.514628, 129.445
svtav1, 8bit_preset_10, 18, 8555.19, 41.592161, 0.989197, 0.0, 98.041081, 68.513936, 1.219017, 367.105
svtav1, 8bit_preset_10, 24, 6402.15, 41.165466, 0.987676, 0.0, 97.461609, 47.942792, 1.370917, 379.628
svtav1, 8bit_preset_10, 30, 4395.15, 40.604576, 0.98534, 0.0, 96.342675, 28.337265, 1.566048, 390.298
svtav1, 8bit_preset_10, 36, 2829.72, 39.728258, 0.981629, 0.0, 94.403505, 58.912968, 1.878946, 396.647
svtav1, 8bit_preset_10, 42, 1806.89, 38.718466, 0.976885, 0.0, 91.295122, 25.825369, 2.234022, 398.926
svtav1, 8bit_preset_10, 48, 1146.96, 37.592819, 0.970798, 0.0, 86.864563, 32.425422, 2.684482, 401.080
svtav1, 8bit_preset_10, 54, 728.77, 36.381699, 0.963078, 0.0, 80.639184, 21.393352, 3.239527, 406.957
svtav1, 8bit_preset_10, 60, 393.48, 34.526511, 0.949, 0.0, 69.532503, -8.307846, 4.29075, 410.619
svtav1, 10bit_preset_10, 18, 8694.68, 44.276022, 0.991559, 0.0, 97.755113, 72.801702, 1.224703, 148.196
svtav1, 10bit_preset_10, 24, 6404.61, 43.258653, 0.989838, 0.0, 97.149615, 67.34576, 1.426258, 149.277
svtav1, 10bit_preset_10, 30, 4381.93, 41.604947, 0.987405, 0.0, 95.947692, 67.680227, 1.793108, 148.355
svtav1, 10bit_preset_10, 36, 2787.46, 40.333306, 0.983917, 0.0, 93.848501, 52.414295, 2.167289, 150.742
svtav1, 10bit_preset_10, 42, 1766.43, 38.519229, 0.979088, 0.0, 90.585393, 41.80403, 2.701722, 150.479
svtav1, 10bit_preset_10, 48, 1108.54, 37.040357, 0.972736, 0.0, 85.815733, 43.786389, 3.330538, 151.550
svtav1, 10bit_preset_10, 54, 701.69, 35.303942, 0.964508, 0.0, 79.309569, 12.843104, 4.072914, 152.237
svtav1, 10bit_preset_10, 60, 368.96, 32.481021, 0.949237, 0.0, 67.675356, -17.753838, 5.942475, 151.486
