VCEEncC, H.264 quality, 14, 2176.99, 36.722353, 0.969694, 0.0, 78.035979, 44.310629, 2.528911, 117.93
VCEEncC, H.264 quality, 20, 2935.62, 37.989769, 0.977027, 0.0, 85.236849, 55.068043, 1.998079, 117.88
VCEEncC, H.264 quality, 26, 4051.47, 38.94165, 0.981655, 0.0, 89.769602, 62.290023, 1.644071, 117.91
VCEEncC, H.264 quality, 32, 5372.39, 40.131536, 0.98586, 0.0, 93.892147, 68.907239, 1.362075, 117.95
VCEEncC, H.264 quality, 38, 6806.43, 40.968936, 0.988312, 0.0, 96.098996, 73.184353, 1.187254, 117.85
VCEEncC, H.264 quality, 44, 8519.43, 41.510793, 0.989951, 0.0, 97.260218, 76.06612, 1.079073, 117.94
VCEEncC, H.264 quality, 50, 10783.86, 41.817803, 0.99119, 0.0, 97.749187, 77.867397, 1.004715, 117.89
VCEEncC, H.264 normal, 14, 2228.92, 36.581313, 0.968958, 0.0, 77.374003, 43.751066, 2.55484, 210.57
VCEEncC, H.264 normal, 20, 2993.03, 37.860382, 0.976496, 0.0, 84.718703, 54.653271, 2.016576, 209.77
VCEEncC, H.264 normal, 26, 4118.97, 38.822241, 0.981226, 0.0, 89.357226, 61.91004, 1.658827, 209.65
VCEEncC, H.264 normal, 32, 5454.23, 40.028538, 0.985537, 0.0, 93.610811, 68.594993, 1.373024, 144.65
VCEEncC, H.264 normal, 38, 6887.06, 40.883659, 0.988045, 0.0, 95.933154, 72.889522, 1.197502, 208.92
VCEEncC, H.264 normal, 44, 8626.84, 41.438432, 0.989729, 0.0, 97.155684, 75.845773, 1.087721, 208.72
VCEEncC, H.264 normal, 50, 10705.82, 41.752368, 0.990959, 0.0, 97.655913, 77.649285, 1.014762, 207.98
VCEEncC, HEVC quality, 14, 1430.28, 37.380051, 0.970826, 0.0, 83.589902, 45.959023, 2.222984, 193.14
VCEEncC, HEVC quality, 20, 1999.65, 38.473428, 0.976858, 0.0, 88.520348, 54.541902, 1.858439, 193.03
VCEEncC, HEVC quality, 26, 2740.74, 39.371594, 0.981176, 0.0, 91.930747, 61.192672, 1.607964, 193.20
VCEEncC, HEVC quality, 32, 3497.89, 40.21095, 0.984321, 0.0, 94.432708, 66.130696, 1.432843, 193.10
VCEEncC, HEVC quality, 38, 4380.79, 40.84507, 0.986536, 0.0, 96.022385, 70.143014, 1.291636, 192.61
VCEEncC, HEVC quality, 44, 5500.74, 41.445148, 0.988557, 0.0, 97.153346, 73.596216, 1.162967, 192.35
VCEEncC, HEVC quality, 50, 6836.59, 41.839425, 0.990047, 0.0, 97.66021, 76.05474, 1.074788, 192.17
VCEEncC, HEVC normal, 14, 1549.56, 37.365665, 0.970944, 0.0, 83.492016, 45.94087, 2.221246, 213.57
VCEEncC, HEVC normal, 20, 2121.80, 38.462535, 0.976909, 0.0, 88.43039, 54.504693, 1.858454, 213.69
VCEEncC, HEVC normal, 26, 2865.77, 39.361588, 0.981207, 0.0, 91.896529, 61.236904, 1.606517, 167.52
VCEEncC, HEVC normal, 32, 3624.29, 40.20469, 0.984343, 0.0, 94.401027, 66.144028, 1.430081, 165.74
VCEEncC, HEVC normal, 38, 4511.65, 40.840583, 0.986545, 0.0, 96.017028, 70.151565, 1.289645, 212.42
VCEEncC, HEVC normal, 44, 5636.88, 41.441208, 0.988567, 0.0, 97.142986, 73.643899, 1.159987, 207.11
VCEEncC, HEVC normal, 50, 6981.64, 41.838076, 0.990053, 0.0, 97.667566, 76.109929, 1.071737, 211.65
VCEEncC, VBR H.264 quality, 400, 1180.82, 33.582471, 0.943889, 0.0, 56.125848, 5.049668, 4.426246, 82.30
VCEEncC, VBR H.264 quality, 800, 1180.98, 33.582873, 0.943899, 0.0, 56.119152, 5.066226, 4.425384, 82.04
VCEEncC, VBR H.264 quality, 1200, 1284.97, 33.856618, 0.946676, 0.0, 59.575194, 11.239429, 4.103899, 82.17
VCEEncC, VBR H.264 quality, 2000, 1880.35, 35.321302, 0.960411, 0.0, 72.590142, 33.782392, 2.962185, 81.55
VCEEncC, VBR H.264 quality, 4000, 3718.94, 37.81927, 0.976821, 0.0, 87.324758, 58.089278, 1.867353, 83.06
VCEEncC, VBR H.264 quality, 7000, 6472.10, 39.838623, 0.985122, 0.0, 94.19928, 70.093003, 1.336241, 82.07
VCEEncC, VBR H.264 normal, 400, 502.22, 29.622397, 0.898222, 0.0, 30.413833, -47.304995, 9.415446, 195.03
VCEEncC, VBR H.264 normal, 800, 773.82, 31.170489, 0.917759, 0.0, 48.620411, -18.726025, 6.629992, 192.20
VCEEncC, VBR H.264 normal, 1200, 1167.33, 33.202131, 0.939056, 0.0, 63.492146, 3.519642, 4.690706, 203.65
VCEEncC, VBR H.264 normal, 2000, 1929.79, 35.772534, 0.959943, 0.0, 79.157869, 30.816903, 3.097244, 203.36
VCEEncC, VBR H.264 normal, 4000, 3877.04, 38.634578, 0.976462, 0.0, 91.419745, 56.395264, 1.936021, 203.41
VCEEncC, VBR H.264 normal, 7000, 6727.82, 40.38992, 0.984074, 0.0, 95.903007, 68.631336, 1.407605, 202.94
VCEEncC, VBR HEVC quality, 400, 727.99, 35.015903, 0.95346, 0.0, 69.10283, 20.882796, 3.410344, 120.04
VCEEncC, VBR HEVC quality, 800, 825.33, 35.304559, 0.955848, 0.0, 72.196804, 25.976525, 3.142852, 117.34
VCEEncC, VBR HEVC quality, 1200, 1135.91, 36.117307, 0.962995, 0.0, 78.28231, 36.737707, 2.649461, 120.06
VCEEncC, VBR HEVC quality, 2000, 1872.73, 37.430947, 0.972163, 0.0, 86.116946, 50.733537, 2.064388, 119.96
VCEEncC, VBR HEVC quality, 4000, 3718.12, 39.527257, 0.982259, 0.0, 93.498228, 65.425287, 1.479344, 119.85
VCEEncC, VBR HEVC quality, 7000, 6021.82, 41.243221, 0.98827, 0.0, 96.735995, 73.615945, 1.170007, 118.52
VCEEncC, VBR HEVC normal, 400, 388.28, 31.461934, 0.918897, 0.0, 47.106348, -20.665251, 6.373367, 212.78
VCEEncC, VBR HEVC normal, 800, 778.38, 33.688455, 0.942752, 0.0, 67.032371, 9.147522, 4.105867, 212.71
VCEEncC, VBR HEVC normal, 1200, 1166.87, 35.296726, 0.956238, 0.0, 77.232364, 26.719859, 3.125636, 212.45
VCEEncC, VBR HEVC normal, 2000, 1932.93, 37.116865, 0.968632, 0.0, 86.331039, 44.822619, 2.304538, 212.10
VCEEncC, VBR HEVC normal, 4000, 3858.78, 39.28189, 0.979889, 0.0, 93.6643, 62.278962, 1.598318, 211.41
VCEEncC, VBR HEVC normal, 7000, 6708.19, 40.619549, 0.985514, 0.0, 96.592699, 71.210651, 1.261994, 210.51
VCEEncC, VBR HEVC 10bit normal, 400, 387.88, 31.441377, 0.91927, 0.0, 44.833427, -21.911369, 6.336134, 94.59
VCEEncC, VBR HEVC 10bit normal, 800, 774.20, 33.624134, 0.944857, 0.0, 66.998078, 10.731349, 4.023589, 151.58
VCEEncC, VBR HEVC 10bit normal, 1200, 1160.44, 35.237681, 0.958428, 0.0, 77.139698, 28.326455, 3.032865, 152.28
VCEEncC, VBR HEVC 10bit normal, 2000, 1931.60, 36.947788, 0.970608, 0.0, 86.361482, 46.841412, 2.190475, 151.61
VCEEncC, VBR HEVC 10bit normal, 4000, 3854.63, 39.054482, 0.981954, 0.0, 93.799745, 65.293844, 1.425602, 151.17
VCEEncC, VBR HEVC 10bit normal, 7000, 6710.04, 40.296696, 0.987519, 0.0, 96.718356, 75.184848, 1.040291, 151.54
