VCEEncC, H.264 quality, 14, 1199.91, 33.465525, 0.969374, 0.0, 75.876987, 47.09936, 2.411082, 160.31
VCEEncC, H.264 quality, 20, 1801.97, 33.958359, 0.97603, 0.0, 82.315695, 57.847618, 2.011219, 160.95
VCEEncC, H.264 quality, 26, 2750.72, 34.258811, 0.979709, 0.0, 86.477346, 65.828202, 1.537041, 160.64
VCEEncC, H.264 quality, 32, 3871.25, 34.612733, 0.982859, 0.0, 90.405502, 71.966046, 1.269819, 158.40
VCEEncC, H.264 quality, 38, 5084.62, 34.809075, 0.984551, 0.0, 92.697788, 76.177077, 1.083714, 157.91
VCEEncC, H.264 quality, 44, 6855.34, 34.88956, 0.985608, 0.0, 94.276114, 79.264438, 0.958636, 157.94
VCEEncC, H.264 quality, 50, 8432.77, 34.935565, 0.986174, 0.0, 94.976666, 80.567886, 0.897249, 165.33
VCEEncC, H.264 normal, 14, 1202.56, 33.435696, 0.968939, 0.0, 75.328613, 46.689184, 2.423682, 212.02
VCEEncC, H.264 normal, 20, 1807.45, 33.932294, 0.975691, 0.0, 81.820492, 57.473536, 2.023732, 219.88
VCEEncC, H.264 normal, 26, 2761.72, 34.235395, 0.979434, 0.0, 86.080454, 65.47074, 1.549104, 220.35
VCEEncC, H.264 normal, 32, 3887.29, 34.593908, 0.982651, 0.0, 90.076555, 71.697636, 1.279688, 221.81
VCEEncC, H.264 normal, 38, 5107.61, 34.794283, 0.984385, 0.0, 92.435932, 75.935215, 1.092478, 222.61
VCEEncC, H.264 normal, 44, 6891.29, 34.877788, 0.985476, 0.0, 94.061681, 79.085993, 0.963928, 221.70
VCEEncC, H.264 normal, 50, 8431.65, 34.924997, 0.98607, 0.0, 94.771909, 80.452652, 0.898914, 218.26
VCEEncC, HEVC quality, 14, 932.96, 33.945878, 0.970591, 0.0, 83.941235, 53.124884, 1.973956, 253.85
VCEEncC, HEVC quality, 20, 1495.07, 34.287274, 0.975847, 0.0, 88.10776, 61.138095, 1.648967, 254.12
VCEEncC, HEVC quality, 26, 2127.51, 34.525193, 0.97928, 0.0, 90.738509, 66.503182, 1.438047, 252.20
VCEEncC, HEVC quality, 32, 3054.71, 34.731966, 0.981994, 0.0, 92.869575, 71.550473, 1.241219, 250.28
VCEEncC, HEVC quality, 38, 3965.15, 34.872328, 0.983746, 0.0, 94.373498, 75.165184, 1.10149, 254.06
VCEEncC, HEVC quality, 44, 5148.92, 34.984292, 0.985176, 0.0, 95.585417, 78.182154, 0.984718, 254.35
VCEEncC, HEVC quality, 50, 6183.66, 35.046922, 0.986025, 0.0, 96.224679, 79.931049, 0.917253, 254.50
VCEEncC, HEVC normal, 14, 1000.76, 33.944516, 0.970761, 0.0, 84.016532, 53.385734, 1.955326, 271.14
VCEEncC, HEVC normal, 20, 1552.77, 34.287654, 0.975935, 0.0, 88.173348, 61.294277, 1.633522, 272.21
VCEEncC, HEVC normal, 26, 2167.70, 34.525575, 0.97935, 0.0, 90.776454, 66.683589, 1.421951, 264.58
VCEEncC, HEVC normal, 32, 3071.65, 34.730346, 0.982034, 0.0, 92.896143, 71.65934, 1.232066, 265.79
VCEEncC, HEVC normal, 38, 3966.07, 34.871173, 0.983787, 0.0, 94.376956, 75.29112, 1.089542, 267.77
VCEEncC, HEVC normal, 44, 5125.79, 34.984189, 0.985223, 0.0, 95.578871, 78.318036, 0.971713, 268.29
VCEEncC, HEVC normal, 50, 6142.13, 35.047047, 0.986065, 0.0, 96.220994, 80.065001, 0.90438, 265.45
VCEEncC, AV1 quality, 14, 1037.40, 34.119944, 0.973251, 0.0, 86.210849, -2.688205, 4.484834, 107.12
VCEEncC, AV1 quality, 20, 1677.11, 34.444078, 0.978232, 0.0, 90.134847, -0.805172, 4.392636, 107.02
VCEEncC, AV1 quality, 26, 2653.24, 34.73357, 0.982049, 0.0, 93.066145, 0.520737, 4.328075, 106.87
VCEEncC, AV1 quality, 32, 3669.07, 34.865495, 0.983942, 0.0, 94.545097, 1.117917, 4.29586, 106.67
VCEEncC, AV1 quality, 38, 5088.48, 35.014319, 0.985729, 0.0, 96.021515, 1.627633, 4.264805, 106.47
VCEEncC, AV1 quality, 44, 6432.44, 35.066544, 0.986602, 0.0, 96.636947, 1.901382, 4.250647, 106.36
VCEEncC, AV1 quality, 50, 7733.11, 35.113106, 0.987253, 0.0, 97.030985, 2.109813, 4.239625, 106.40
VCEEncC, AV1 normal, 14, 1054.76, 34.104712, 0.972642, 0.0, 85.85788, -2.69355, 4.479584, 280.81
VCEEncC, AV1 normal, 20, 1695.78, 34.426362, 0.977678, 0.0, 89.845436, -0.83486, 4.389545, 281.89
VCEEncC, AV1 normal, 26, 2691.09, 34.711068, 0.98155, 0.0, 92.856388, 0.455175, 4.328362, 284.62
VCEEncC, AV1 normal, 32, 3742.51, 34.842867, 0.9835, 0.0, 94.357543, 1.056875, 4.29544, 282.68
VCEEncC, AV1 normal, 38, 5231.83, 34.995782, 0.985382, 0.0, 95.915392, 1.570411, 4.266305, 272.08
VCEEncC, AV1 normal, 44, 6607.02, 35.050938, 0.986312, 0.0, 96.551604, 1.863168, 4.251357, 259.91
VCEEncC, AV1 normal, 50, 7946.23, 35.100631, 0.986995, 0.0, 96.961038, 2.041033, 4.241592, 271.22
VCEEncC, VBR H.264 quality, 400, 501.12, 31.922224, 0.942582, 0.0, 52.426708, 5.888961, 4.416488, 89.83
VCEEncC, VBR H.264 quality, 800, 799.35, 32.684389, 0.956937, 0.0, 64.99981, 28.612993, 3.299464, 87.30
VCEEncC, VBR H.264 quality, 1200, 1193.81, 33.237007, 0.96621, 0.0, 74.536269, 44.586024, 2.602973, 89.58
VCEEncC, VBR H.264 quality, 2000, 1990.55, 33.765765, 0.97358, 0.0, 81.956176, 57.586236, 1.917329, 86.94
VCEEncC, VBR H.264 quality, 4000, 3933.99, 34.465855, 0.981527, 0.0, 89.942598, 71.282883, 1.312542, 92.47
VCEEncC, VBR H.264 quality, 7000, 6341.60, 34.75494, 0.984601, 0.0, 93.404666, 77.841651, 1.025796, 92.19
VCEEncC, VBR H.264 normal, 400, 420.78, 32.284844, 0.946135, 0.0, 58.787145, 7.460195, 4.352211, 300.91
VCEEncC, VBR H.264 normal, 800, 801.97, 33.494061, 0.964769, 0.0, 76.728897, 36.012431, 2.933843, 297.54
VCEEncC, VBR H.264 normal, 1200, 1202.14, 34.064902, 0.972876, 0.0, 84.074593, 49.464059, 2.300306, 287.07
VCEEncC, VBR H.264 normal, 2000, 2002.66, 34.534326, 0.979471, 0.0, 89.999452, 61.354899, 1.780065, 298.79
VCEEncC, VBR H.264 normal, 4000, 3232.28, 34.857421, 0.983566, 0.0, 93.556678, 69.739465, 1.426806, 299.20
VCEEncC, VBR H.264 normal, 7000, 5815.21, 35.046501, 0.98598, 0.0, 96.001989, 77.83285, 1.032878, 299.86
VCEEncC, VBR HEVC quality, 400, 425.78, 33.312045, 0.959912, 0.0, 73.663726, 33.021048, 2.860015, 99.44
VCEEncC, VBR HEVC quality, 800, 798.13, 33.765649, 0.967928, 0.0, 80.993765, 48.963886, 2.156467, 100.04
VCEEncC, VBR HEVC quality, 1200, 1197.20, 34.016664, 0.972357, 0.0, 84.944943, 56.316179, 1.857987, 99.08
VCEEncC, VBR HEVC quality, 2000, 1997.05, 34.412337, 0.977824, 0.0, 89.213892, 64.770366, 1.510894, 97.25
VCEEncC, VBR HEVC quality, 4000, 3927.00, 34.788071, 0.983052, 0.0, 93.947687, 74.596655, 1.131309, 96.16
VCEEncC, VBR HEVC quality, 7000, 5751.21, 34.972823, 0.985374, 0.0, 95.834261, 79.030811, 0.957514, 96.32
VCEEncC, VBR HEVC normal, 400, 405.72, 33.310895, 0.95733, 0.0, 72.477569, 27.484648, 3.061924, 395.55
VCEEncC, VBR HEVC normal, 800, 806.92, 34.128639, 0.970142, 0.0, 83.75021, 47.93667, 2.14275, 394.93
VCEEncC, VBR HEVC normal, 1200, 1216.83, 34.445365, 0.975344, 0.0, 88.034676, 56.488757, 1.795922, 401.66
VCEEncC, VBR HEVC normal, 2000, 2002.01, 34.697271, 0.97971, 0.0, 91.72629, 65.200718, 1.47211, 409.28
VCEEncC, VBR HEVC normal, 4000, 3715.41, 34.928798, 0.983621, 0.0, 94.979538, 73.843448, 1.140722, 412.59
VCEEncC, VBR HEVC normal, 7000, 7005.84, 35.059214, 0.985964, 0.0, 96.657461, 80.732817, 0.869132, 404.77
VCEEncC, VBR HEVC 10bit normal, 400, 404.44, 32.962406, 0.957709, 0.0, 72.486549, 27.919951, 3.083154, 132.91
VCEEncC, VBR HEVC 10bit normal, 800, 803.85, 33.704398, 0.970185, 0.0, 83.84179, 48.487572, 2.145847, 157.19
VCEEncC, VBR HEVC 10bit normal, 1200, 1209.73, 33.97766, 0.975362, 0.0, 88.092452, 57.520985, 1.774918, 157.02
VCEEncC, VBR HEVC 10bit normal, 2000, 2001.98, 34.19328, 0.979683, 0.0, 91.839234, 66.409271, 1.412987, 154.08
VCEEncC, VBR HEVC 10bit normal, 4000, 3642.60, 34.394451, 0.983714, 0.0, 95.043728, 75.121204, 1.080866, 157.52
VCEEncC, VBR HEVC 10bit normal, 7000, 6964.16, 34.516017, 0.986115, 0.0, 96.759949, 81.945077, 0.803919, 157.74
VCEEncC, VBR AV1 quality, 400, 427.50, 33.459244, 0.962172, 0.0, 74.715641, -10.207592, 4.859609, 57.38
VCEEncC, VBR AV1 quality, 800, 798.55, 33.892248, 0.969557, 0.0, 82.469967, -5.184026, 4.608325, 57.48
VCEEncC, VBR AV1 quality, 1200, 1197.16, 34.132897, 0.973698, 0.0, 86.207372, -2.924962, 4.503883, 56.97
VCEEncC, VBR AV1 quality, 2000, 1999.03, 34.498671, 0.978777, 0.0, 90.200405, -0.822764, 4.394864, 57.25
VCEEncC, VBR AV1 quality, 4000, 4001.59, 34.856112, 0.983887, 0.0, 94.452702, 1.104684, 4.293711, 57.01
VCEEncC, VBR AV1 quality, 7000, 6641.59, 35.039956, 0.986446, 0.0, 96.526163, 1.903846, 4.250157, 57.07
VCEEncC, VBR AV1 normal, 400, 410.86, 33.518991, 0.959913, 0.0, 75.76852, -12.894438, 4.96819, 498.85
VCEEncC, VBR AV1 normal, 800, 810.77, 34.202771, 0.971114, 0.0, 85.459096, -5.532028, 4.599138, 500.66
VCEEncC, VBR AV1 normal, 1200, 1130.04, 34.466469, 0.975477, 0.0, 88.987345, -3.323181, 4.497406, 496.18
VCEEncC, VBR AV1 normal, 2000, 1694.86, 34.705877, 0.979485, 0.0, 92.161614, -1.569399, 4.42024, 497.32
VCEEncC, VBR AV1 normal, 4000, 3354.25, 34.940166, 0.98357, 0.0, 95.361805, 0.348795, 4.325527, 502.65
VCEEncC, VBR AV1 normal, 7000, 5799.62, 35.073126, 0.985928, 0.0, 96.884356, 1.346294, 4.275014, 499.18
VCEEncC, VBR AV1 10bit normal, 400, 410.65, 33.17329, 0.960855, 0.0, 76.051546, -12.584384, 4.942982, 158.32
VCEEncC, VBR AV1 10bit normal, 800, 810.70, 33.756601, 0.971618, 0.0, 85.357502, -5.157508, 4.571619, 162.17
VCEEncC, VBR AV1 10bit normal, 1200, 1137.03, 33.98282, 0.975867, 0.0, 88.861782, -3.081795, 4.468059, 161.39
VCEEncC, VBR AV1 10bit normal, 2000, 1704.73, 34.190598, 0.97979, 0.0, 92.014091, -1.260144, 4.387431, 156.90
VCEEncC, VBR AV1 10bit normal, 4000, 3402.14, 34.398746, 0.983774, 0.0, 95.261177, 0.607264, 4.297038, 159.90
VCEEncC, VBR AV1 10bit normal, 7000, 5939.66, 34.512493, 0.986009, 0.0, 96.800839, 1.527752, 4.253294, 160.35
